NAME,Total:,Male:,Male:!!Under 5 years,Male:!!5 to 9 years,Male:!!10 to 14 years,Male:!!15 to 17 years,Male:!!18 and 19 years,Male:!!20 years,Male:!!21 years,Male:!!22 to 24 years,Male:!!25 to 29 years,Male:!!30 to 34 years,Male:!!35 to 39 years,Male:!!40 to 44 years,Male:!!45 to 49 years,Male:!!50 to 54 years,Male:!!55 to 59 years,Male:!!60 and 61 years,Male:!!62 to 64 years,Male:!!65 and 66 years,Male:!!67 to 69 years,Male:!!70 to 74 years,Male:!!75 to 79 years,Male:!!80 to 84 years,Male:!!85 years and over,Female:,Female:!!Under 5 years,Female:!!5 to 9 years,Female:!!10 to 14 years,Female:!!15 to 17 years,Female:!!18 and 19 years,Female:!!20 years,Female:!!21 years,Female:!!22 to 24 years,Female:!!25 to 29 years,Female:!!30 to 34 years,Female:!!35 to 39 years,Female:!!40 to 44 years,Female:!!45 to 49 years,Female:!!50 to 54 years,Female:!!55 to 59 years,Female:!!60 and 61 years,Female:!!62 to 64 years,Female:!!65 and 66 years,Female:!!67 to 69 years,Female:!!70 to 74 years,Female:!!75 to 79 years,Female:!!80 to 84 years,Female:!!85 years and over,NAME,county,county subdivision,state
Ashfield,1598.0,789.0,53.0,18.0,49.0,17.0,30.0,17.0,0.0,13.0,30.0,39.0,31.0,71.0,76.0,71.0,73.0,48.0,49.0,22.0,21.0,41.0,9.0,0.0,11.0,809.0,21.0,13.0,51.0,37.0,18.0,5.0,23.0,11.0,10.0,22.0,37.0,70.0,73.0,85.0,70.0,36.0,42.0,45.0,30.0,46.0,21.0,18.0,25.0,Ashfield,11.0,2095.0,25.0
Bernardston,2187.0,1073.0,42.0,51.0,112.0,15.0,29.0,9.0,0.0,17.0,47.0,39.0,76.0,63.0,63.0,111.0,92.0,0.0,53.0,67.0,41.0,40.0,33.0,28.0,45.0,1114.0,59.0,59.0,40.0,49.0,9.0,27.0,0.0,7.0,45.0,89.0,26.0,59.0,88.0,106.0,95.0,54.0,58.0,45.0,46.0,49.0,41.0,33.0,30.0,Bernardston,11.0,5560.0,25.0
Buckland,1797.0,853.0,52.0,12.0,38.0,31.0,64.0,4.0,5.0,11.0,49.0,40.0,43.0,63.0,75.0,73.0,44.0,17.0,66.0,38.0,46.0,13.0,37.0,15.0,17.0,944.0,42.0,32.0,31.0,15.0,31.0,6.0,7.0,21.0,47.0,45.0,16.0,83.0,87.0,63.0,98.0,53.0,55.0,53.0,35.0,20.0,58.0,24.0,22.0,Buckland,11.0,9595.0,25.0
Charlemont,1107.0,533.0,41.0,21.0,27.0,15.0,7.0,12.0,8.0,13.0,26.0,25.0,11.0,26.0,29.0,54.0,55.0,17.0,28.0,23.0,29.0,14.0,14.0,30.0,8.0,574.0,31.0,10.0,37.0,9.0,5.0,5.0,0.0,20.0,33.0,45.0,13.0,41.0,50.0,36.0,48.0,29.0,15.0,41.0,12.0,35.0,17.0,21.0,21.0,Charlemont,11.0,12505.0,25.0
Colrain,1681.0,836.0,21.0,32.0,43.0,34.0,23.0,11.0,0.0,32.0,68.0,38.0,31.0,55.0,73.0,63.0,95.0,19.0,45.0,19.0,29.0,45.0,12.0,28.0,20.0,845.0,42.0,77.0,20.0,19.0,8.0,5.0,0.0,33.0,46.0,46.0,24.0,52.0,52.0,76.0,118.0,31.0,46.0,29.0,39.0,26.0,21.0,2.0,33.0,Colrain,11.0,14885.0,25.0
Conway,1783.0,860.0,3.0,64.0,89.0,30.0,19.0,4.0,24.0,14.0,6.0,28.0,22.0,58.0,54.0,122.0,93.0,20.0,61.0,20.0,37.0,28.0,23.0,13.0,28.0,923.0,14.0,46.0,84.0,46.0,0.0,9.0,5.0,5.0,16.0,24.0,36.0,106.0,64.0,100.0,117.0,42.0,61.0,24.0,34.0,37.0,24.0,23.0,6.0,Conway,11.0,15200.0,25.0
Deerfield,5070.0,2258.0,78.0,146.0,57.0,142.0,55.0,21.0,33.0,50.0,37.0,153.0,113.0,197.0,239.0,217.0,346.0,37.0,69.0,62.0,65.0,67.0,41.0,23.0,10.0,2812.0,103.0,211.0,133.0,98.0,76.0,64.0,0.0,79.0,53.0,220.0,56.0,221.0,255.0,273.0,304.0,50.0,124.0,46.0,103.0,143.0,37.0,86.0,77.0,Deerfield,11.0,16670.0,25.0
Erving,1875.0,923.0,51.0,65.0,42.0,44.0,10.0,11.0,12.0,34.0,42.0,71.0,73.0,71.0,60.0,76.0,78.0,16.0,50.0,24.0,26.0,21.0,24.0,10.0,12.0,952.0,20.0,62.0,96.0,41.0,14.0,0.0,6.0,26.0,44.0,57.0,63.0,76.0,87.0,64.0,58.0,28.0,36.0,27.0,27.0,38.0,38.0,16.0,28.0,Erving,11.0,21780.0,25.0
Gill,1641.0,802.0,7.0,30.0,33.0,31.0,10.0,3.0,13.0,25.0,23.0,100.0,79.0,19.0,34.0,108.0,86.0,56.0,40.0,12.0,8.0,33.0,18.0,24.0,10.0,839.0,51.0,35.0,23.0,5.0,62.0,11.0,9.0,20.0,41.0,44.0,46.0,52.0,58.0,79.0,116.0,44.0,32.0,20.0,19.0,20.0,23.0,14.0,15.0,Gill,11.0,25730.0,25.0
Greenfield,17514.0,8641.0,481.0,363.0,586.0,274.0,216.0,124.0,94.0,354.0,669.0,512.0,392.0,678.0,597.0,470.0,847.0,295.0,288.0,263.0,318.0,314.0,180.0,167.0,159.0,8873.0,540.0,332.0,339.0,351.0,180.0,79.0,70.0,297.0,593.0,500.0,573.0,662.0,557.0,608.0,671.0,310.0,443.0,225.0,279.0,272.0,239.0,318.0,435.0,Greenfield,11.0,27100.0,25.0
Hawley,412.0,200.0,3.0,11.0,6.0,22.0,2.0,0.0,0.0,10.0,4.0,11.0,6.0,7.0,19.0,12.0,21.0,0.0,10.0,16.0,4.0,22.0,8.0,5.0,1.0,212.0,10.0,15.0,5.0,7.0,13.0,0.0,0.0,6.0,24.0,6.0,6.0,7.0,16.0,25.0,20.0,8.0,9.0,5.0,10.0,9.0,6.0,1.0,4.0,Hawley,11.0,29475.0,25.0
Heath,743.0,393.0,24.0,12.0,24.0,24.0,16.0,10.0,0.0,16.0,14.0,16.0,30.0,7.0,29.0,42.0,21.0,5.0,27.0,10.0,27.0,20.0,10.0,3.0,6.0,350.0,37.0,19.0,16.0,6.0,2.0,8.0,9.0,17.0,10.0,12.0,10.0,19.0,14.0,38.0,26.0,14.0,30.0,11.0,11.0,26.0,4.0,7.0,4.0,Heath,11.0,29650.0,25.0
Leverett,1993.0,1025.0,71.0,45.0,84.0,43.0,11.0,3.0,14.0,17.0,35.0,42.0,72.0,57.0,34.0,75.0,50.0,49.0,73.0,61.0,53.0,51.0,39.0,27.0,19.0,968.0,29.0,49.0,43.0,27.0,10.0,21.0,0.0,24.0,20.0,24.0,75.0,76.0,73.0,59.0,121.0,42.0,52.0,41.0,45.0,63.0,50.0,13.0,11.0,Leverett,11.0,35180.0,25.0
Leyden,658.0,295.0,8.0,7.0,12.0,18.0,4.0,0.0,0.0,6.0,5.0,14.0,18.0,11.0,15.0,36.0,46.0,14.0,34.0,10.0,11.0,11.0,5.0,2.0,8.0,363.0,12.0,12.0,25.0,9.0,7.0,0.0,0.0,8.0,7.0,13.0,9.0,21.0,34.0,37.0,61.0,28.0,36.0,14.0,9.0,14.0,3.0,0.0,4.0,Leyden,11.0,35285.0,25.0
Monroe,104.0,42.0,4.0,1.0,2.0,3.0,1.0,0.0,0.0,1.0,7.0,1.0,1.0,2.0,2.0,2.0,5.0,0.0,7.0,0.0,0.0,2.0,1.0,0.0,0.0,62.0,3.0,5.0,0.0,0.0,0.0,0.0,0.0,2.0,7.0,7.0,3.0,3.0,3.0,2.0,9.0,0.0,4.0,0.0,1.0,0.0,5.0,8.0,0.0,Monroe,11.0,42040.0,25.0
Montague,8357.0,3827.0,149.0,215.0,272.0,96.0,111.0,42.0,0.0,99.0,311.0,306.0,195.0,227.0,305.0,259.0,307.0,99.0,175.0,96.0,166.0,149.0,104.0,59.0,85.0,4530.0,172.0,255.0,201.0,197.0,98.0,11.0,35.0,105.0,297.0,310.0,219.0,349.0,195.0,454.0,317.0,164.0,191.0,172.0,168.0,173.0,77.0,158.0,212.0,Montague,11.0,42285.0,25.0
New Salem,1025.0,535.0,70.0,32.0,23.0,11.0,4.0,2.0,3.0,8.0,25.0,16.0,14.0,31.0,43.0,45.0,76.0,16.0,26.0,24.0,20.0,31.0,5.0,3.0,7.0,490.0,7.0,15.0,20.0,12.0,3.0,8.0,0.0,15.0,31.0,19.0,22.0,41.0,41.0,47.0,66.0,9.0,35.0,16.0,9.0,30.0,12.0,19.0,13.0,New Salem,11.0,45490.0,25.0
Northfield,3022.0,1620.0,71.0,66.0,182.0,101.0,20.0,0.0,0.0,28.0,94.0,100.0,62.0,134.0,136.0,149.0,111.0,63.0,58.0,35.0,64.0,71.0,28.0,10.0,37.0,1402.0,43.0,62.0,90.0,54.0,15.0,0.0,0.0,44.0,89.0,79.0,68.0,109.0,135.0,92.0,160.0,88.0,43.0,40.0,19.0,51.0,36.0,18.0,67.0,Northfield,11.0,47835.0,25.0
Orange,7752.0,3821.0,211.0,225.0,230.0,151.0,95.0,39.0,64.0,167.0,180.0,239.0,241.0,176.0,273.0,420.0,255.0,132.0,175.0,96.0,119.0,120.0,71.0,121.0,21.0,3931.0,128.0,176.0,467.0,100.0,81.0,42.0,10.0,94.0,203.0,258.0,161.0,215.0,308.0,430.0,284.0,148.0,167.0,168.0,115.0,142.0,97.0,32.0,105.0,Orange,11.0,51265.0,25.0
Rowe,472.0,233.0,20.0,8.0,28.0,11.0,4.0,0.0,2.0,2.0,10.0,9.0,10.0,11.0,14.0,9.0,21.0,2.0,19.0,11.0,15.0,15.0,6.0,2.0,4.0,239.0,0.0,19.0,18.0,14.0,0.0,0.0,0.0,11.0,17.0,12.0,2.0,6.0,18.0,24.0,20.0,5.0,15.0,13.0,12.0,15.0,6.0,6.0,6.0,Rowe,11.0,58335.0,25.0
Shelburne,1962.0,902.0,57.0,33.0,11.0,25.0,4.0,21.0,7.0,5.0,52.0,63.0,35.0,65.0,31.0,111.0,97.0,39.0,52.0,38.0,28.0,69.0,31.0,22.0,6.0,1060.0,19.0,52.0,41.0,42.0,24.0,25.0,9.0,13.0,40.0,40.0,79.0,56.0,75.0,72.0,114.0,40.0,80.0,18.0,63.0,55.0,34.0,42.0,27.0,Shelburne,11.0,61135.0,25.0
Shutesbury,1712.0,845.0,17.0,45.0,75.0,49.0,25.0,4.0,0.0,31.0,14.0,44.0,57.0,53.0,46.0,84.0,108.0,16.0,72.0,31.0,38.0,9.0,13.0,6.0,8.0,867.0,18.0,39.0,62.0,50.0,2.0,7.0,2.0,29.0,19.0,32.0,59.0,69.0,46.0,101.0,108.0,65.0,48.0,31.0,21.0,15.0,23.0,15.0,6.0,Shutesbury,11.0,61905.0,25.0
Sunderland,3680.0,2007.0,137.0,78.0,55.0,39.0,18.0,109.0,14.0,417.0,296.0,97.0,99.0,75.0,70.0,116.0,127.0,33.0,119.0,0.0,38.0,10.0,11.0,9.0,40.0,1673.0,52.0,0.0,61.0,33.0,16.0,94.0,235.0,159.0,207.0,87.0,51.0,126.0,154.0,48.0,76.0,10.0,67.0,25.0,30.0,41.0,11.0,62.0,28.0,Sunderland,11.0,68400.0,25.0
Warwick,730.0,354.0,10.0,26.0,10.0,5.0,4.0,7.0,0.0,14.0,14.0,15.0,10.0,11.0,20.0,42.0,31.0,20.0,34.0,16.0,7.0,19.0,14.0,18.0,7.0,376.0,15.0,15.0,6.0,12.0,7.0,0.0,8.0,9.0,9.0,10.0,26.0,10.0,28.0,39.0,44.0,23.0,41.0,14.0,11.0,18.0,12.0,7.0,12.0,Warwick,11.0,73265.0,25.0
Wendell,878.0,431.0,21.0,27.0,33.0,15.0,3.0,0.0,2.0,9.0,24.0,6.0,21.0,29.0,24.0,31.0,40.0,31.0,37.0,18.0,29.0,13.0,16.0,2.0,0.0,447.0,33.0,7.0,20.0,6.0,3.0,1.0,5.0,9.0,37.0,19.0,17.0,34.0,38.0,33.0,47.0,24.0,33.0,19.0,29.0,24.0,7.0,1.0,1.0,Wendell,11.0,74525.0,25.0
Whately,1391.0,661.0,28.0,29.0,43.0,19.0,18.0,7.0,7.0,25.0,39.0,27.0,27.0,61.0,32.0,56.0,49.0,67.0,41.0,22.0,26.0,17.0,7.0,8.0,6.0,730.0,31.0,47.0,30.0,17.0,11.0,21.0,0.0,18.0,23.0,38.0,16.0,58.0,65.0,65.0,79.0,57.0,34.0,24.0,14.0,21.0,11.0,17.0,33.0,Whately,11.0,79110.0,25.0
Agawam,28688.0,13804.0,900.0,798.0,920.0,583.0,355.0,171.0,120.0,424.0,796.0,760.0,697.0,869.0,1075.0,1146.0,1085.0,395.0,544.0,251.0,516.0,545.0,357.0,238.0,259.0,14884.0,478.0,688.0,813.0,564.0,274.0,172.0,169.0,526.0,901.0,731.0,869.0,1058.0,1208.0,1049.0,1318.0,362.0,696.0,350.0,477.0,489.0,505.0,484.0,703.0,Agawam,13.0,840.0,25.0
Blandford,1144.0,590.0,18.0,10.0,47.0,26.0,19.0,0.0,4.0,21.0,22.0,27.0,27.0,40.0,26.0,81.0,76.0,36.0,22.0,30.0,21.0,22.0,0.0,6.0,9.0,554.0,12.0,17.0,17.0,37.0,15.0,17.0,0.0,7.0,11.0,40.0,20.0,31.0,78.0,58.0,53.0,15.0,27.0,16.0,33.0,19.0,13.0,6.0,12.0,Blandford,13.0,6085.0,25.0
Brimfield,3695.0,1850.0,54.0,154.0,50.0,114.0,46.0,7.0,25.0,80.0,33.0,162.0,45.0,155.0,143.0,152.0,268.0,77.0,39.0,37.0,86.0,56.0,50.0,8.0,9.0,1845.0,53.0,102.0,134.0,71.0,56.0,25.0,0.0,20.0,84.0,118.0,61.0,135.0,157.0,177.0,168.0,13.0,141.0,51.0,116.0,74.0,50.0,8.0,31.0,Brimfield,13.0,8470.0,25.0
Chester,1546.0,827.0,38.0,50.0,70.0,25.0,55.0,5.0,16.0,4.0,63.0,36.0,43.0,77.0,56.0,75.0,83.0,31.0,18.0,15.0,23.0,19.0,11.0,8.0,6.0,719.0,60.0,60.0,49.0,23.0,2.0,3.0,7.0,8.0,69.0,40.0,37.0,52.0,57.0,85.0,58.0,40.0,8.0,10.0,18.0,8.0,7.0,7.0,11.0,Chester,13.0,13485.0,25.0
Chicopee,56186.0,27690.0,1683.0,1661.0,1877.0,1033.0,1062.0,412.0,223.0,848.0,2151.0,2078.0,1733.0,1421.0,2009.0,1962.0,2020.0,700.0,856.0,616.0,672.0,1044.0,613.0,558.0,458.0,28496.0,1175.0,1499.0,1119.0,1106.0,816.0,354.0,413.0,1282.0,2285.0,2049.0,1339.0,1818.0,1657.0,2242.0,1964.0,883.0,1054.0,732.0,728.0,1211.0,867.0,872.0,1031.0,Chicopee,13.0,13660.0,25.0
East Longmeadow,16017.0,7373.0,441.0,248.0,633.0,215.0,204.0,136.0,85.0,196.0,279.0,431.0,356.0,394.0,628.0,638.0,530.0,172.0,418.0,201.0,232.0,317.0,186.0,155.0,278.0,8644.0,513.0,562.0,562.0,250.0,96.0,66.0,53.0,223.0,391.0,439.0,547.0,548.0,554.0,619.0,722.0,283.0,345.0,155.0,213.0,413.0,203.0,475.0,412.0,East Longmeadow,13.0,19645.0,25.0
Granville,1645.0,859.0,37.0,30.0,63.0,25.0,27.0,0.0,31.0,45.0,45.0,31.0,35.0,71.0,70.0,80.0,63.0,14.0,36.0,45.0,26.0,41.0,16.0,17.0,11.0,786.0,38.0,40.0,41.0,55.0,30.0,14.0,7.0,14.0,35.0,21.0,36.0,38.0,64.0,126.0,45.0,27.0,38.0,25.0,16.0,34.0,14.0,16.0,12.0,Granville,13.0,26675.0,25.0
Hampden,5179.0,2537.0,93.0,60.0,237.0,147.0,46.0,54.0,32.0,87.0,33.0,37.0,154.0,109.0,232.0,176.0,279.0,72.0,117.0,136.0,64.0,127.0,91.0,124.0,30.0,2642.0,106.0,83.0,160.0,84.0,59.0,44.0,65.0,66.0,105.0,79.0,126.0,202.0,185.0,321.0,194.0,96.0,98.0,78.0,62.0,160.0,65.0,76.0,128.0,Hampden,13.0,28075.0,25.0
Holland,2498.0,1315.0,57.0,20.0,105.0,62.0,39.0,46.0,17.0,36.0,40.0,113.0,50.0,92.0,111.0,116.0,138.0,41.0,56.0,0.0,51.0,61.0,50.0,14.0,0.0,1183.0,42.0,83.0,43.0,8.0,26.0,14.0,22.0,41.0,20.0,91.0,58.0,134.0,118.0,154.0,108.0,42.0,13.0,39.0,37.0,17.0,34.0,33.0,6.0,Holland,13.0,30665.0,25.0
Holyoke,40342.0,19574.0,1797.0,1288.0,1474.0,930.0,593.0,469.0,418.0,831.0,1580.0,1047.0,1279.0,1069.0,1163.0,1433.0,1103.0,463.0,464.0,262.0,338.0,307.0,479.0,369.0,418.0,20768.0,1284.0,1349.0,873.0,874.0,565.0,143.0,176.0,949.0,1778.0,1472.0,1444.0,1338.0,1488.0,1401.0,1143.0,461.0,588.0,289.0,386.0,770.0,715.0,417.0,865.0,Holyoke,13.0,30840.0,25.0
Longmeadow,15877.0,7352.0,250.0,596.0,553.0,476.0,70.0,52.0,78.0,180.0,122.0,320.0,361.0,428.0,674.0,783.0,614.0,240.0,212.0,195.0,246.0,268.0,285.0,91.0,258.0,8525.0,474.0,377.0,709.0,377.0,403.0,112.0,74.0,194.0,170.0,371.0,387.0,535.0,664.0,879.0,520.0,197.0,302.0,165.0,234.0,402.0,227.0,202.0,550.0,Longmeadow,13.0,36300.0,25.0
Ludlow,21348.0,10670.0,409.0,401.0,669.0,448.0,355.0,159.0,79.0,439.0,896.0,353.0,556.0,1008.0,712.0,833.0,974.0,361.0,530.0,205.0,235.0,372.0,292.0,179.0,205.0,10678.0,665.0,540.0,633.0,261.0,139.0,56.0,62.0,283.0,587.0,470.0,512.0,773.0,804.0,865.0,1022.0,325.0,417.0,207.0,290.0,594.0,276.0,442.0,455.0,Ludlow,13.0,37175.0,25.0
Monson,8713.0,4229.0,88.0,187.0,418.0,106.0,27.0,52.0,21.0,187.0,151.0,187.0,149.0,377.0,455.0,462.0,358.0,161.0,187.0,145.0,88.0,176.0,138.0,55.0,54.0,4484.0,149.0,146.0,344.0,317.0,97.0,29.0,30.0,147.0,175.0,160.0,211.0,318.0,427.0,407.0,336.0,254.0,233.0,156.0,157.0,163.0,91.0,63.0,74.0,Monson,13.0,42145.0,25.0
Montgomery,846.0,422.0,24.0,19.0,23.0,8.0,14.0,6.0,11.0,8.0,28.0,10.0,27.0,26.0,34.0,40.0,47.0,12.0,17.0,13.0,11.0,22.0,10.0,6.0,6.0,424.0,9.0,20.0,31.0,4.0,16.0,7.0,0.0,12.0,16.0,8.0,28.0,29.0,33.0,50.0,48.0,19.0,23.0,8.0,14.0,24.0,7.0,6.0,12.0,Montgomery,13.0,42530.0,25.0
Palmer,12168.0,5889.0,319.0,331.0,295.0,247.0,125.0,40.0,136.0,189.0,510.0,404.0,268.0,367.0,401.0,618.0,496.0,110.0,255.0,65.0,189.0,210.0,158.0,89.0,67.0,6279.0,254.0,370.0,429.0,226.0,149.0,34.0,48.0,157.0,453.0,352.0,320.0,371.0,504.0,362.0,580.0,120.0,232.0,130.0,391.0,270.0,184.0,107.0,236.0,Palmer,13.0,52144.0,25.0
Russell,1561.0,679.0,37.0,34.0,36.0,15.0,24.0,5.0,0.0,20.0,10.0,39.0,32.0,63.0,84.0,83.0,48.0,23.0,27.0,19.0,27.0,16.0,26.0,11.0,0.0,882.0,51.0,105.0,90.0,19.0,21.0,5.0,4.0,12.0,25.0,59.0,75.0,50.0,54.0,82.0,54.0,23.0,41.0,21.0,22.0,15.0,43.0,2.0,9.0,Russell,13.0,58650.0,25.0
Southwick,9640.0,4734.0,124.0,210.0,331.0,133.0,88.0,35.0,82.0,328.0,154.0,296.0,295.0,313.0,546.0,420.0,358.0,154.0,139.0,90.0,112.0,190.0,82.0,95.0,159.0,4906.0,216.0,247.0,514.0,172.0,94.0,33.0,83.0,166.0,137.0,220.0,281.0,318.0,515.0,348.0,318.0,93.0,213.0,76.0,119.0,168.0,141.0,231.0,203.0,Southwick,13.0,65825.0,25.0
Springfield,153947.0,73075.0,5298.0,5580.0,5860.0,3666.0,3268.0,1336.0,1644.0,4059.0,5115.0,5041.0,3759.0,4459.0,4386.0,4503.0,4276.0,1586.0,1970.0,917.0,1428.0,2122.0,1113.0,864.0,825.0,80872.0,5589.0,5416.0,6077.0,3348.0,2807.0,1702.0,1941.0,3670.0,5284.0,5849.0,4397.0,5249.0,4768.0,5160.0,4725.0,1831.0,2529.0,1345.0,1986.0,2214.0,1697.0,1536.0,1752.0,Springfield,13.0,67000.0,25.0
Tolland,572.0,313.0,8.0,17.0,16.0,10.0,15.0,2.0,7.0,20.0,2.0,9.0,17.0,20.0,14.0,45.0,22.0,21.0,16.0,18.0,8.0,13.0,7.0,5.0,1.0,259.0,1.0,19.0,8.0,3.0,9.0,0.0,2.0,2.0,6.0,11.0,14.0,25.0,15.0,35.0,39.0,15.0,15.0,8.0,8.0,6.0,6.0,2.0,10.0,Tolland,13.0,70045.0,25.0
Wales,1904.0,953.0,58.0,69.0,50.0,57.0,19.0,5.0,7.0,15.0,29.0,50.0,60.0,106.0,64.0,74.0,74.0,25.0,44.0,32.0,28.0,35.0,32.0,5.0,15.0,951.0,25.0,56.0,84.0,42.0,11.0,3.0,0.0,43.0,28.0,43.0,69.0,84.0,47.0,85.0,99.0,18.0,64.0,39.0,34.0,36.0,4.0,9.0,28.0,Wales,13.0,72390.0,25.0
Westfield,41480.0,20181.0,1181.0,1140.0,1285.0,758.0,1080.0,675.0,473.0,1142.0,1315.0,868.0,1206.0,1222.0,1198.0,1386.0,1275.0,540.0,837.0,443.0,431.0,679.0,403.0,333.0,311.0,21299.0,1231.0,1006.0,967.0,705.0,1277.0,499.0,530.0,1404.0,1154.0,1027.0,1020.0,1198.0,1349.0,1582.0,1586.0,601.0,659.0,396.0,599.0,852.0,492.0,538.0,627.0,Westfield,13.0,76030.0,25.0
West Springfield,28600.0,13773.0,967.0,507.0,1088.0,624.0,328.0,220.0,451.0,515.0,1207.0,773.0,660.0,1021.0,783.0,918.0,944.0,488.0,535.0,241.0,468.0,330.0,263.0,238.0,204.0,14827.0,701.0,766.0,717.0,769.0,357.0,296.0,310.0,482.0,975.0,886.0,908.0,940.0,1066.0,1148.0,928.0,498.0,625.0,330.0,270.0,518.0,553.0,256.0,528.0,West Springfield,13.0,77890.0,25.0
Wilbraham,14445.0,6922.0,174.0,308.0,439.0,386.0,273.0,128.0,79.0,197.0,166.0,364.0,214.0,411.0,560.0,669.0,579.0,252.0,285.0,320.0,254.0,304.0,235.0,109.0,216.0,7523.0,303.0,414.0,677.0,366.0,167.0,0.0,27.0,200.0,398.0,116.0,328.0,388.0,863.0,687.0,510.0,217.0,329.0,101.0,208.0,401.0,174.0,174.0,475.0,Wilbraham,13.0,79740.0,25.0
Amherst,39482.0,19403.0,520.0,351.0,566.0,377.0,4503.0,2291.0,2274.0,2567.0,1071.0,553.0,518.0,354.0,388.0,710.0,646.0,229.0,228.0,218.0,233.0,309.0,235.0,139.0,123.0,20079.0,354.0,471.0,419.0,353.0,4673.0,2576.0,2743.0,2091.0,812.0,532.0,459.0,454.0,496.0,687.0,671.0,201.0,474.0,253.0,221.0,294.0,229.0,333.0,283.0,Amherst,15.0,1325.0,25.0
Belchertown,14838.0,7307.0,398.0,471.0,660.0,446.0,135.0,56.0,144.0,408.0,290.0,207.0,435.0,346.0,677.0,663.0,691.0,116.0,285.0,143.0,237.0,224.0,192.0,50.0,33.0,7531.0,419.0,443.0,456.0,328.0,256.0,85.0,81.0,161.0,255.0,387.0,535.0,553.0,814.0,662.0,466.0,246.0,348.0,175.0,154.0,285.0,181.0,98.0,143.0,Belchertown,15.0,4825.0,25.0
Chesterfield,1256.0,612.0,28.0,35.0,42.0,39.0,3.0,0.0,4.0,37.0,28.0,34.0,7.0,61.0,20.0,86.0,70.0,15.0,39.0,20.0,13.0,18.0,0.0,4.0,9.0,644.0,20.0,35.0,15.0,12.0,15.0,13.0,3.0,53.0,21.0,26.0,43.0,42.0,43.0,74.0,94.0,28.0,13.0,23.0,18.0,25.0,3.0,4.0,21.0,Chesterfield,15.0,13590.0,25.0
Cummington,907.0,422.0,28.0,9.0,20.0,14.0,3.0,5.0,0.0,14.0,16.0,22.0,25.0,21.0,55.0,51.0,35.0,4.0,29.0,4.0,16.0,5.0,17.0,10.0,19.0,485.0,14.0,20.0,36.0,33.0,2.0,0.0,7.0,5.0,7.0,14.0,54.0,21.0,28.0,57.0,55.0,10.0,11.0,20.0,18.0,18.0,12.0,20.0,23.0,Cummington,15.0,16040.0,25.0
Easthampton,16060.0,7828.0,336.0,469.0,373.0,233.0,66.0,62.0,147.0,117.0,656.0,631.0,372.0,685.0,535.0,769.0,706.0,216.0,268.0,187.0,255.0,240.0,235.0,178.0,92.0,8232.0,180.0,308.0,410.0,213.0,160.0,122.0,35.0,371.0,598.0,637.0,582.0,429.0,610.0,727.0,813.0,281.0,299.0,194.0,257.0,234.0,258.0,274.0,240.0,Easthampton,15.0,19370.0,25.0
Goshen,1137.0,520.0,24.0,21.0,25.0,21.0,15.0,0.0,0.0,10.0,10.0,26.0,25.0,43.0,25.0,106.0,51.0,20.0,16.0,16.0,25.0,17.0,17.0,3.0,4.0,617.0,46.0,24.0,50.0,27.0,7.0,3.0,4.0,0.0,11.0,31.0,23.0,72.0,35.0,87.0,78.0,19.0,18.0,9.0,15.0,25.0,6.0,7.0,20.0,Goshen,15.0,26290.0,25.0
Granby,6322.0,2896.0,143.0,233.0,108.0,133.0,30.0,66.0,12.0,155.0,151.0,43.0,141.0,266.0,239.0,168.0,407.0,166.0,125.0,43.0,72.0,53.0,111.0,10.0,21.0,3426.0,216.0,151.0,190.0,153.0,44.0,63.0,32.0,68.0,112.0,273.0,172.0,335.0,352.0,154.0,380.0,72.0,76.0,35.0,206.0,111.0,43.0,41.0,147.0,Granby,15.0,26535.0,25.0
Hadley,5324.0,2226.0,32.0,101.0,142.0,164.0,36.0,0.0,27.0,18.0,150.0,184.0,132.0,122.0,170.0,233.0,38.0,97.0,137.0,54.0,86.0,83.0,104.0,47.0,69.0,3098.0,68.0,121.0,139.0,47.0,0.0,0.0,110.0,127.0,336.0,147.0,61.0,275.0,236.0,89.0,223.0,256.0,118.0,67.0,99.0,120.0,142.0,103.0,214.0,Hadley,15.0,27690.0,25.0
Hatfield,3297.0,1608.0,64.0,27.0,109.0,69.0,14.0,12.0,14.0,21.0,86.0,137.0,40.0,101.0,102.0,189.0,137.0,85.0,47.0,13.0,117.0,62.0,124.0,29.0,9.0,1689.0,41.0,40.0,92.0,77.0,18.0,12.0,24.0,35.0,40.0,107.0,66.0,111.0,148.0,247.0,187.0,25.0,46.0,13.0,85.0,141.0,71.0,34.0,29.0,Hatfield,15.0,29265.0,25.0
Huntington,1992.0,1060.0,69.0,63.0,66.0,34.0,20.0,23.0,14.0,64.0,41.0,20.0,46.0,89.0,116.0,86.0,50.0,59.0,72.0,12.0,21.0,49.0,33.0,0.0,13.0,932.0,44.0,42.0,55.0,20.0,17.0,9.0,7.0,18.0,26.0,35.0,80.0,54.0,96.0,102.0,100.0,33.0,36.0,38.0,31.0,53.0,22.0,11.0,3.0,Huntington,15.0,31785.0,25.0
Middlefield,511.0,249.0,14.0,0.0,19.0,4.0,1.0,6.0,0.0,6.0,4.0,12.0,6.0,7.0,10.0,20.0,25.0,24.0,22.0,15.0,17.0,20.0,9.0,8.0,0.0,262.0,3.0,12.0,3.0,4.0,2.0,9.0,0.0,3.0,13.0,18.0,8.0,11.0,19.0,21.0,46.0,13.0,39.0,0.0,22.0,4.0,9.0,3.0,0.0,Middlefield,15.0,40990.0,25.0
Northampton,28602.0,12709.0,544.0,779.0,667.0,465.0,222.0,224.0,194.0,816.0,805.0,1000.0,737.0,834.0,919.0,888.0,877.0,280.0,597.0,337.0,452.0,428.0,169.0,278.0,197.0,15893.0,553.0,635.0,678.0,454.0,1295.0,598.0,616.0,722.0,981.0,918.0,711.0,825.0,982.0,1140.0,1344.0,391.0,548.0,453.0,458.0,320.0,398.0,364.0,509.0,Northampton,15.0,46330.0,25.0
Pelham,1316.0,595.0,32.0,32.0,32.0,41.0,11.0,0.0,4.0,20.0,13.0,7.0,34.0,34.0,32.0,40.0,70.0,24.0,45.0,37.0,16.0,25.0,17.0,18.0,11.0,721.0,24.0,45.0,32.0,20.0,18.0,0.0,8.0,41.0,21.0,21.0,31.0,37.0,54.0,68.0,77.0,20.0,41.0,45.0,14.0,27.0,28.0,20.0,29.0,Pelham,15.0,52560.0,25.0
Plainfield,592.0,314.0,8.0,8.0,21.0,25.0,8.0,6.0,5.0,10.0,9.0,10.0,6.0,10.0,26.0,20.0,44.0,13.0,27.0,10.0,15.0,9.0,12.0,7.0,5.0,278.0,9.0,8.0,4.0,13.0,2.0,5.0,0.0,0.0,14.0,9.0,9.0,22.0,21.0,36.0,23.0,14.0,23.0,13.0,18.0,12.0,8.0,5.0,10.0,Plainfield,15.0,54030.0,25.0
Southampton,6022.0,2896.0,151.0,160.0,181.0,116.0,47.0,0.0,0.0,89.0,181.0,103.0,222.0,105.0,296.0,187.0,293.0,50.0,190.0,78.0,102.0,178.0,12.0,57.0,98.0,3126.0,131.0,140.0,246.0,83.0,66.0,53.0,0.0,74.0,211.0,159.0,188.0,170.0,298.0,203.0,327.0,0.0,207.0,221.0,61.0,130.0,46.0,82.0,30.0,Southampton,15.0,62745.0,25.0
South Hadley,17763.0,7072.0,295.0,311.0,272.0,198.0,158.0,88.0,79.0,198.0,491.0,447.0,393.0,729.0,480.0,499.0,643.0,287.0,244.0,182.0,316.0,195.0,226.0,174.0,167.0,10691.0,342.0,531.0,445.0,301.0,1144.0,532.0,542.0,528.0,348.0,368.0,558.0,634.0,595.0,713.0,479.0,335.0,443.0,180.0,263.0,384.0,438.0,192.0,396.0,South Hadley,15.0,64145.0,25.0
Ware,9901.0,5005.0,282.0,447.0,226.0,195.0,96.0,99.0,138.0,252.0,187.0,227.0,317.0,292.0,403.0,417.0,375.0,114.0,231.0,169.0,144.0,177.0,77.0,58.0,82.0,4896.0,218.0,187.0,319.0,207.0,18.0,146.0,29.0,248.0,277.0,289.0,192.0,376.0,406.0,438.0,313.0,130.0,200.0,199.0,139.0,252.0,148.0,40.0,125.0,Ware,15.0,72880.0,25.0
Westhampton,1727.0,816.0,31.0,29.0,32.0,44.0,4.0,9.0,3.0,37.0,12.0,39.0,60.0,54.0,52.0,88.0,97.0,37.0,30.0,36.0,47.0,20.0,29.0,14.0,12.0,911.0,54.0,68.0,54.0,21.0,21.0,13.0,13.0,23.0,41.0,40.0,58.0,38.0,54.0,120.0,80.0,27.0,47.0,38.0,22.0,36.0,12.0,18.0,13.0,Westhampton,15.0,76380.0,25.0
Williamsburg,2459.0,1149.0,54.0,57.0,54.0,19.0,3.0,6.0,40.0,55.0,84.0,86.0,35.0,42.0,42.0,135.0,104.0,39.0,86.0,38.0,36.0,47.0,66.0,12.0,9.0,1310.0,44.0,61.0,57.0,36.0,7.0,13.0,29.0,30.0,75.0,42.0,82.0,52.0,55.0,190.0,108.0,64.0,121.0,11.0,43.0,75.0,42.0,18.0,55.0,Williamsburg,15.0,79915.0,25.0
Worthington,1251.0,599.0,25.0,13.0,26.0,20.0,5.0,9.0,2.0,21.0,41.0,47.0,12.0,38.0,36.0,44.0,85.0,36.0,31.0,21.0,16.0,26.0,6.0,19.0,20.0,652.0,19.0,43.0,47.0,9.0,4.0,15.0,12.0,19.0,32.0,23.0,20.0,40.0,29.0,80.0,102.0,32.0,32.0,15.0,13.0,28.0,7.0,10.0,21.0,Worthington,15.0,82175.0,25.0
